#nondimensinoalized period, nondimensinoalized velocity
  0.01194503,   0.92644044
  0.25547741,   0.92643988
  0.49900979,   0.92646126
  0.74254218,   0.92711020
  0.98607456,   0.93034172
  1.22960694,   0.93825426
  1.47313932,   0.95225393
  1.71667170,   0.97293347
  1.96020408,   0.99977568
  2.20373646,   1.03070834
  2.44726884,   1.06228650
  2.69080123,   1.09107832
  2.93433361,   1.11518349
  3.17786599,   1.13440256
  3.42139837,   1.14944509
  3.66493075,   1.16122817
  3.90846313,   1.17055561
  4.15199551,   1.17805152
  4.39552789,   1.18417515
  4.63906028,   1.18926029
  4.88259266,   1.19354816
  5.12612504,   1.19721826
  5.36965742,   1.20039999
  5.61318980,   1.20319251
  5.85672218,   1.20567080
  6.10025456,   1.20789126
  6.34378694,   1.20989890
  6.58731933,   1.21172846
  6.83085171,   1.21340667
  7.07438409,   1.21495618
  7.31791647,   1.21639556
  7.56144885,   1.21773759
  7.80498123,   1.21899594
  8.04851361,   1.22017973
  8.29204599,   1.22129727
  8.53557838,   1.22235560
  8.77911076,   1.22335991
  9.02264314,   1.22431654
  9.26617552,   1.22522914
  9.50970790,   1.22610095
  9.75324028,   1.22693647
  9.99677266,   1.22773725
 10.24030504,   1.22850666
 10.48383743,   1.22924667
 10.72736981,   1.22995939
 10.97090219,   1.23064638
 11.21443457,   1.23130931
 11.45796695,   1.23194959
 11.70149933,   1.23256793
 11.94503171,   1.23316672
