#nondimensinoalized period, nondimensinoalized group velocity
  0.01194503,   0.92649692
  0.25547741,   0.92636857
  0.49900979,   0.92623986
  0.74254218,   0.92242756
  0.98607456,   0.90947608
  1.22960694,   0.88677336
  1.47313932,   0.85784798
  1.71667170,   0.82899800
  1.96020408,   0.80855758
  2.20373646,   0.80524279
  2.44726884,   0.82344791
  2.69080123,   0.85951923
  2.93433361,   0.90426808
  3.17786599,   0.94904703
  3.42139837,   0.98907814
  3.66493075,   1.02287042
  3.90846313,   1.05065575
  4.15199551,   1.07328259
  4.39552789,   1.09170489
  4.63906028,   1.10681669
  4.88259266,   1.11923365
  5.12612504,   1.12955036
  5.36965742,   1.13819778
  5.61318980,   1.14557806
  5.85672218,   1.15188476
  6.10025456,   1.15731782
  6.34378694,   1.16203176
  6.58731933,   1.16620085
  6.83085171,   1.16984774
  7.07438409,   1.17312097
  7.31791647,   1.17604915
  7.56144885,   1.17867633
  7.80498123,   1.18110539
  8.04851361,   1.18334202
  8.29204599,   1.18537456
  8.53557838,   1.18727346
  8.77911076,   1.18899092
  9.02264314,   1.19065366
  9.26617552,   1.19219741
  9.50970790,   1.19364114
  9.75324028,   1.19502622
  9.99677266,   1.19630510
 10.24030504,   1.19759185
 10.48383743,   1.19880420
 10.72736981,   1.19994327
 10.97090219,   1.20103226
 11.21443457,   1.20208664
 11.45796695,   1.20306972
 11.70149933,   1.20398583
 11.94503171,   1.20492052
